0 10 5 17 31 11 14 29 10 9 16 17 20 inf 9 22 15 9 11 14 14 18 23 13 
17 0 22 13 40 24 23 25 24 16 25 28 20 inf 22 32 32 23 25 23 27 27 13 26 
16 8 0 12 26 6 9 24 5 4 11 12 15 inf 4 17 10 4 6 9 9 13 21 8 
4 14 9 0 27 12 10 12 11 13 17 15 17 inf 10 19 19 10 12 10 15 19 27 14 
10 9 15 11 0 1 11 21 6 7 16 5 24 inf 5 15 16 17 18 0 8 18 17 7 
12 8 17 21 37 0 20 33 20 21 28 19 28 inf 4 17 27 21 23 20 9 30 21 8 
11 7 16 7 17 6 0 19 6 14 23 5 24 inf 10 19 12 17 18 0 11 25 20 10 
18 11 7 15 33 9 16 0 10 11 13 9 5 inf 7 7 17 11 13 8 9 15 24 11 
17 13 16 13 23 8 6 23 0 20 27 7 28 inf 12 16 18 20 14 6 13 29 26 12 
23 14 23 19 31 12 14 31 11 0 9 18 34 inf 10 23 26 10 11 14 15 11 27 14 
16 12 19 12 22 11 5 24 11 19 0 10 29 inf 15 24 17 22 2 5 15 2 25 15 
10 9 14 6 24 1 7 16 1 18 23 0 21 inf 5 14 19 16 15 7 6 25 22 5 
16 6 15 12 29 4 12 24 9 19 17 8 0 inf 2 15 19 10 12 3 7 19 19 6 
7 11 12 3 22 10 5 15 11 10 19 10 15 0 13 22 8 13 14 5 6 2 24 15 
14 4 13 17 33 2 16 29 16 17 24 15 24 inf 0 13 23 17 19 16 5 26 17 4 
11 8 0 8 26 3 9 18 3 4 11 2 15 inf 4 0 10 4 6 9 8 13 21 7 
25 16 25 21 33 14 16 33 13 2 11 20 36 inf 12 25 0 12 6 16 17 13 29 16 
13 4 13 9 22 2 5 21 1 17 7 8 24 inf 0 13 17 0 2 5 5 9 17 4 
21 17 26 17 27 16 10 29 16 24 33 15 34 inf 20 29 22 27 0 10 13 35 30 20 
15 14 19 11 29 6 12 21 6 18 27 5 26 inf 10 19 16 21 20 0 11 29 27 10 
22 5 27 18 37 17 20 30 16 21 22 23 25 inf 15 28 32 15 17 20 0 24 18 19 
14 10 17 10 20 9 3 22 9 17 26 8 27 inf 13 22 15 20 21 3 14 0 23 13 
19 9 22 15 34 11 17 27 14 3 12 15 7 inf 9 22 26 13 14 10 14 14 0 13 
20 6 9 17 35 12 18 27 12 13 20 11 24 inf 13 9 19 13 15 18 1 22 19 0 
